5;1;郑钱;15
5;2;何忱;10
5;3;章S宸;7
5;4;郭妍冰;35
5;5;李云云;47
6;1;汪洋;40
6;2;徐之h;28
6;3;齐浩天;14
6;4;李嘉怡;5
6;6;冯凯迪;20
7;1;吴伊楠;31
7;2;徐颜慧;4
7;3;申屠熠辉;36
7;4;王诗忆;44
7;5;彭永棋;45
7;6;罗梦琪;11
8;1;陈好;22
8;2;刘烨敏;6
8;3;计敏杰;43
8;4;洪晓宇;16
8;5;蒋超;48
8;6;张又利;1
1;1;夏逸丰;30
1;2;葛梦倩;39
1;3;胡方晨;32
1;4;胡丹B;46
1;5;王焕彬;27
1;6;汪辰昊;12
2;1;王坤;34
2;2;马静逸;26
2;3;陈竹鑫;8
2;4;吴晓娜;41
2;5;王浩鹏;37
3;1;阮沛琰;29
3;2;陈昊天;9
3;3;胡懋范;19
3;4;冯仟予;21
3;5;庹亦凡;24
3;6;林温乐;23
4;1;金林熙;18
4;2;丁彦;25
4;3;金玛丽;42
4;4;吴晶晶;33
4;5;徐茹佳;38
4;6;叶甄炜;17
3;7;许昊;3
4;7;高天乐;2
5;7;吴德豪;13